0 34
0 139
0 27
0 132
0 33
1 144
1 28
1 86
1 161
1 93
1 65
1 137
1 53
1 51
1 2
1 6
2 103
2 7
2 105
2 6
3 36
3 114
3 111
3 32
4 106
4 8
4 63
4 79
4 153
5 99
5 112
5 74
5 44
5 8
5 63
5 160
6 105
6 2
6 1
6 28
6 7
6 53
6 144
7 51
7 2
7 103
7 72
7 41
7 121
7 53
8 80
8 44
8 147
8 106
8 4
8 63
8 5
8 79
8 100
9 47
9 40
9 26
9 160
9 113
9 54
9 148
10 144
10 109
10 48
10 86
11 88
11 130
11 38
11 46
11 156
11 141
12 25
13 86
13 47
14 118
14 115
14 138
14 149
14 135
14 69
15 107
15 62
15 151
15 50
15 120
15 115
16 18
16 76
16 146
16 68
16 131
16 71
16 84
16 164
16 142
16 140
16 152
17 121
17 30
17 70
18 76
18 140
18 136
18 16
19 84
19 130
19 66
19 98
19 123
19 68
20 124
20 94
20 45
21 59
21 15
21 115
21 118
21 138
21 72
22 65
22 42
22 129
22 33
22 132
22 61
22 91
22 145
22 157
22 126
23 161
23 65
23 159
23 93
23 26
23 57
23 82
24 138
24 73
24 34
24 119
24 31
25 166
25 156
25 46
25 38
25 12
25 104
26 9
26 40
26 47
26 161
26 23
26 57
26 99
26 90
27 61
27 0
27 95
28 109
28 144
28 77
28 105
28 6
28 1
29 81
29 128
29 39
29 50
29 151
30 34
30 70
30 17
30 138
30 72
30 7
30 121
31 24
31 119
31 55
31 125
32 133
32 75
32 163
32 114
32 3
32 36
33 42
33 132
33 0
33 22
34 70
34 30
34 24
34 138
34 139
34 0
35 133
35 36
36 3
36 111
36 100
36 35
36 133
36 32
37 95
37 122
38 46
38 162
38 123
39 29
39 87
39 128
40 9
40 26
40 47
41 7
41 72
41 30
41 121
42 121
42 33
42 0
42 22
42 154
42 139
42 65
43 150
43 108
43 147
43 100
43 127
44 5
44 8
44 80
44 74
45 20
45 49
45 56
46 25
46 38
46 156
47 13
47 86
47 26
47 40
47 9
47 161
47 86
47 161
47 40
48 10
48 155
48 144
49 77
49 45
49 103
50 15
50 151
50 136
50 76
50 128
50 120
51 1
51 2
51 53
51 7
52 129
53 1
53 51
53 137
53 93
53 7
53 121
54 9
54 113
54 150
54 117
54 148
55 31
55 125
56 62
56 94
56 102
56 72
56 103
56 20
56 45
57 23
57 82
57 99
57 26
58 125
58 152
58 85
58 131
58 119
59 56
59 21
59 62
59 102
60 126
60 65
60 145
61 132
61 0
61 91
61 122
61 95
61 27
61 22
62 94
62 15
62 158
62 110
62 107
62 56
62 102
62 59
63 8
63 5
63 4
64 114
64 79
64 153
64 92
64 78
64 75
65 1
65 159
65 137
65 126
65 22
65 42
65 121
65 60
65 23
66 130
66 38
66 162
66 98
66 19
66 84
67 89
67 97
67 123
67 131
67 146
68 19
68 84
68 71
68 16
68 123
68 146
69 135
69 149
69 14
69 142
70 34
70 17
70 30
70 139
70 121
71 164
71 84
71 84
71 16
71 68
71 146
72 56
72 30
72 138
72 21
72 59
72 102
72 7
72 41
72 103
73 138
73 119
73 24
74 160
74 44
74 5
74 80
75 114
75 64
75 78
75 92
75 163
75 32
76 87
76 96
76 130
76 164
76 18
76 136
76 50
76 128
76 16
77 49
77 109
77 2
77 103
77 105
78 64
78 92
78 75
79 100
79 111
79 153
79 106
79 8
79 4
79 64
79 111
80 160
80 165
80 8
80 147
80 74
80 44
80 108
81 29
81 151
81 110
81 116
82 99
82 57
82 23
83 104
83 104
83 89
84 130
84 164
84 66
84 71
84 68
84 19
85 143
85 58
85 131
86 155
86 48
86 10
86 144
86 1
86 161
86 47
86 13
87 39
87 96
87 76
87 128
88 96
88 130
88 11
88 141
89 123
89 162
89 38
89 104
89 83
89 97
89 67
90 26
90 9
90 112
90 99
90 160
91 61
91 162
91 122
91 22
92 64
92 153
92 75
92 78
93 161
93 1
93 159
93 23
93 65
94 62
94 124
94 20
94 101
94 56
94 134
94 158
95 27
95 61
95 37
95 61
95 122
96 87
96 76
96 130
96 88
97 131
97 67
97 89
97 143
98 66
98 19
98 162
98 123
99 26
99 57
99 82
99 90
99 112
99 5
100 127
100 43
100 111
100 79
100 147
100 8
100 43
100 36
101 134
101 94
101 124
102 56
102 72
102 59
102 21
102 62
103 2
103 7
103 72
103 56
103 49
103 45
103 77
103 105
104 25
104 38
104 162
104 89
104 83
105 77
105 6
105 2
105 28
106 8
106 4
106 79
107 110
107 151
107 50
107 15
107 62
108 150
108 113
108 147
108 165
108 80
108 43
109 10
109 144
109 28
109 77
110 158
110 116
110 81
110 29
110 151
110 107
110 62
111 36
111 100
111 79
111 3
111 114
112 99
112 90
112 5
112 74
112 160
113 54
113 165
113 108
113 160
113 9
113 150
114 3
114 111
114 79
114 64
114 75
114 32
115 135
115 14
115 118
115 59
115 15
115 120
116 158
116 81
116 110
117 148
117 54
117 127
117 150
118 115
118 21
118 138
118 14
119 152
119 125
119 73
119 24
119 58
119 149
120 15
120 135
120 50
120 136
120 115
121 7
121 41
121 53
121 139
121 42
121 154
121 70
121 17
121 30
121 137
121 65
122 37
122 91
122 95
123 131
123 146
123 68
123 98
123 19
123 162
123 89
123 67
124 56
124 94
124 20
124 45
125 119
125 58
125 31
125 55
126 65
126 22
126 157
126 60
127 117
127 100
127 43
127 150
128 87
128 76
128 29
128 39
128 50
129 22
129 52
129 145
130 76
130 96
130 11
130 19
130 38
130 66
130 88
130 84
130 164
131 16
131 58
131 67
131 85
131 123
131 143
131 146
131 152
132 33
132 61
132 0
132 22
133 35
133 163
133 32
133 36
134 158
134 101
134 94
135 136
135 120
135 14
135 69
135 140
135 115
136 135
136 18
136 76
136 120
136 50
136 140
137 53
137 1
137 65
137 121
138 30
138 34
138 73
138 24
138 149
138 14
138 118
138 21
138 72
139 70
139 121
139 33
139 0
139 34
139 42
139 154
140 16
140 18
140 135
140 142
140 69
141 88
141 156
141 11
141 88
142 140
142 69
142 16
142 152
143 131
143 85
143 67
143 97
144 10
144 109
144 28
144 1
144 86
145 60
145 22
145 157
145 129
146 123
146 68
146 71
146 16
146 131
147 108
147 43
147 8
147 80
147 8
147 100
147 43
148 54
148 117
148 9
149 14
149 69
149 138
149 152
149 119
149 69
149 152
149 138
149 119
150 117
150 54
150 108
150 43
150 113
150 117
150 127
150 43
151 110
151 50
151 29
151 107
152 131
152 69
152 149
152 119
152 58
153 79
153 4
153 92
153 64
154 42
154 121
154 139
155 48
155 86
156 11
156 141
156 25
156 166
157 22
157 126
157 60
157 145
158 110
158 116
158 134
158 62
158 94
159 93
159 65
159 23
160 9
160 26
160 90
160 112
160 5
160 74
160 80
160 165
160 113
161 86
161 1
161 93
161 23
161 26
161 47
162 66
162 89
162 38
162 123
162 98
163 133
163 32
163 75
163 32
164 84
164 76
164 71
164 16
164 130
164 18
165 113
165 80
165 160
165 108
166 156
166 25
